412
409
415
406
389
403
402
407
387
395
381
396
385
376
401
389
374
385
391
377
385
388
383
358
382
390
376
392
377
375
371
377
368
364
359
358
377
394
386
367
363
358
366
368
367
388
355
362
370
360
360
355
372
376
373
379
363
374
366
366
373
345
367
367
383
358
360
360
350
359
363
383
362
346
367
364
371
358
353
379
353
364
349
356
371
353
380
343
375
364
376
376
371
357
372
352
352
337
359
359
366
341
368
368
345
339
368
350
369
359
354
361
336
361
377
332
373
370
359
357
375
355
350
340
372
349
344
370
338
350
328
358
365
355
372
367
364
370
355
352
342
356
362
354